28.4367
27.4367
27.4367
27.4367
26.4367
25.4367
25.4367
24.4367
24.4367
24.4367
23.4367
22.4367
21.4367
20.4367
20.4367
19.4367
17.4367
15.4367
13.4367
10.4367
8.43666
6.43666
3.43666
1.43666
-0.563339
-2.56334
-4.56334
-6.56334
-7.56334
-9.56334
-11.5633
-12.5633
-14.5633
-15.5633
-17.5633
-18.5633
-20.5633
-22.5633
-23.5633
-24.5633
-26.5633
-27.5633
-29.5633
-29.5633
-31.5633
-32.5633
-33.5633
-34.5633
-34.5633
-34.5633
-34.5633
-33.5633
-32.5633
-31.5633
-30.5633
-29.5633
-28.5633
-27.5633
-25.5633
-23.5633
-22.5633
-20.5633
-18.5633
-16.5633
-14.5633
-13.5633
-11.5633
-9.56334
-7.56334
-5.56334
-4.56334
-2.56334
-0.563339
1.43666
3.43666
5.43666
7.43666
10.4367
12.4367
14.4367
17.4367
20.4367
22.4367
23.4367
26.4367
27.4367
28.4367
28.4367
29.4367
29.4367
30.4367
30.4367
29.4367
29.4367
29.4367
28.4367
40.4367
39.4367
38.4367
37.4367
36.4367
35.4367
35.4367
34.4367
33.4367
33.4367
32.4367
31.4367
30.4367
29.4367
29.4367
27.4367
26.4367
24.4367
21.4367
18.4367
14.4367
10.4367
6.43666
3.43666
-0.563339
-3.56334
-6.56334
-9.56334
-12.5633
-15.5633
-17.5633
-19.5633
-22.5633
-24.5633
-26.5633
-28.5633
-30.5633
-32.5633
-34.5633
-36.5633
-38.5633
-40.5633
-42.5633
-43.5633
-45.5633
-47.5633
-48.5633
-49.5633
-50.5633
-50.5633
-50.5633
-49.5633
-49.5633
-47.5633
-46.5633
-45.5633
-42.5633
-40.5633
-38.5633
-36.5633
-33.5633
-30.5633
-27.5633
-25.5633
-21.5633
-19.5633
-16.5633
-14.5633
-11.5633
-8.56334
-6.56334
-3.56334
-0.563339
2.43666
5.43666
8.43666
11.4367
15.4367
18.4367
22.4367
26.4367
30.4367
34.4367
38.4367
40.4367
42.4367
43.4367
44.4367
44.4367
44.4367
44.4367
43.4367
42.4367
42.4367
41.4367
40.4367
-0.399384
1.60062
3.60062
4.60062
6.60062
8.60062
10.6006
11.6006
13.6006
16.6006
17.6006
19.6006
21.6006
23.6006
26.6006
28.6006
30.6006
31.6006
32.6006
32.6006
32.6006
32.6006
32.6006
31.6006
30.6006
29.6006
28.6006
27.6006
27.6006
25.6006
25.6006
24.6006
23.6006
22.6006
21.6006
19.6006
19.6006
18.6006
17.6006
15.6006
14.6006
12.6006
11.6006
9.60062
7.60062
5.60062
3.60062
1.60062
-0.399384
-2.39938
-5.39938
-7.39938
-9.39938
-11.3994
-13.3994
-14.3994
-16.3994
-18.3994
-19.3994
-21.3994
-22.3994
-23.3994
-24.3994
-24.3994
-25.3994
-26.3994
-26.3994
-27.3994
-28.3994
-28.3994
-29.3994
-29.3994
-30.3994
-30.3994
-30.3994
-31.3994
-31.3994
-31.3994
-31.3994
-31.3994
-31.3994
-31.3994
-29.3994
-28.3994
-27.3994
-24.3994
-22.3994
-20.3994
-17.3994
-15.3994
-13.3994
-11.3994
-8.39938
-6.39938
-4.39938
-2.39938
-0.399384
2.60062
4.60062
6.60062
9.60062
11.6006
14.6006
16.6006
19.6006
21.6006
24.6006
27.6006
30.6006
33.6006
37.6006
41.6006
45.6006
49.6006
53.6006
54.6006
55.6006
55.6006
54.6006
53.6006
51.6006
50.6006
48.6006
46.6006
44.6006
42.6006
40.6006
38.6006
37.6006
35.6006
33.6006
31.6006
29.6006
27.6006
25.6006
23.6006
21.6006
19.6006
16.6006
14.6006
11.6006
8.60062
5.60062
2.60062
-0.399384
-3.39938
-7.39938
-10.3994
-13.3994
-16.3994
-19.3994
-22.3994
-24.3994
-27.3994
-30.3994
-31.3994
-33.3994
-34.3994
-35.3994
-37.3994
-37.3994
-39.3994
-39.3994
-40.3994
-41.3994
-42.3994
-43.3994
-43.3994
-44.3994
-45.3994
-45.3994
-45.3994
-46.3994
-46.3994
-47.3994
-47.3994
-47.3994
-47.3994
-46.3994
-44.3994
-41.3994
-38.3994
-34.3994
-30.3994
-26.3994
-22.3994
-19.3994
-15.3994
-12.3994
-9.39938
-6.39938
-3.39938
