28.30891278
29.0552189
26.18941787
25.66140761
25.08904342
23.47822888
23.35229608
23.16545688
20.98572235
19.75345498
20.27058011
18.53973468
15.93720076
14.93040572
8.511873282
7.152017605
8.871986451
3.006466287
0.951402544
-1.678824146
0.415861442
-2.058795608
-3.132090204
-9.338799562
-9.055186261
-15.38348521
-15.51295976
-17.03638843
-20.19443367
-21.89234778
-23.19238672
-26.67379933
-30.85729624
-32.08841212
-35.26390415
-34.78177666
-37.14381814
-37.89849595
-34.76414997
-37.48047293
-37.46895868
-33.43767747
-30.98325218
-28.51893387
-24.74905321
-20.40562529
-4.509245423
-3.066536854
2.228588448
5.148248974
8.69367069
8.183804989
15.84329694
18.72719311
24.1467818
22.64797522
27.71807963
26.95173606
32.93798115
33.76706419
31.01743429
33.03223024
32.26213736
32.12216204
29.6713082
33.06798286
32.26581008
31.25115994
32.00622828
29.95026298
29.41942878
27.86461898
26.98735844
28.35594089
27.36654834
24.66944329
26.49704004
23.86975462
22.26408626
23.39113578
20.20861704
21.92144303
19.29482832
19.25222077
14.16926981
18.01364105
14.08935112
14.81869673
8.418058128
13.39352257
5.983856925
6.226278515
7.780184818
1.656825689
2.635406125
-2.735332597
-0.883577761
-4.233908429
-5.18701113
-8.647401745
-9.020394351
-9.475935341
-16.64644924
-16.033791
-20.25240957
-22.19424735
-21.09605596
-22.72206282
-23.96350107
-27.88865221
-28.68632432
-29.61842591
-33.94447857
-33.50008581
-33.13837722
-35.9944241
-38.00105962
-39.90555422
-39.39363508
-37.95155066
-38.53595331
-38.66046944
-38.48367664
-39.39787721
-40.48832245
-38.66305173
-37.66608065
-37.47965545
-32.75840864
-32.04175771
-31.59462981
-33.61266745
-29.22612935
-24.1509755
-25.28319043
-21.97933785
-19.80591169
-16.72940477
-16.01343789
-16.17112335
-13.28255465
-6.178626156
-3.517031266
-1.537038506
5.356138511
4.614562662
9.756276131
11.97883529
15.47642233
16.47101808
19.28477728
23.75698789
24.44586316
27.53937131
30.14276523
35.09400333
33.53657495
34.9736145
36.25312796
35.729549
35.77875841
35.6098302
37.60513007
36.59071136
33.51737759
33.12060316
32.9901707
33.01288874
36.25990873
35.08681472
33.63421346
34.62812793
31.23973527
31.248183
30.79786139
29.98645264
29.22578148
28.51762012
25.75282958
25.21658459
25.04876142
20.9788433
22.98684795
22.06202918
20.66877989
17.84058136
13.51953054
15.4032086
11.65898826
9.488634033
10.25268538
5.295837198
5.392159325
3.475009971
-1.995796442
1.655203612
-4.487408579
-4.674880475
-9.853984224
-11.04256814
-12.82924422
-12.23410874
-14.89358797
-18.4433802
-17.83149547
-19.48283853
-22.39263699
-22.0168239
-24.85911473
-26.56465979
-26.91864283
-30.86105581
-28.06925
-29.6330587
-32.28624869
-35.44785474
-34.26215829
-39.43138362
-39.72405963
-39.42303225
-41.20150695
-42.54505604
-41.68407393
-45.25833946
-43.92584822
-46.28890568
-44.69819358
-45.94713863
-45.85504304
-44.33464952
-43.25720553
-43.12515027
-43.91943385
-40.13152618
-40.24528641
-39.69928783
-37.25437862
-38.68015282
-35.56679769
-37.96373242
-33.77214871
-33.11002783
-30.11697141
-26.9335241
-29.4262491
-25.03375833
-20.52073909
-20.60888903
-16.88459671
-15.14080676
-9.323612042
-9.810635835
-5.940208676
-5.034741467
-2.961201086
2.558818806
3.436236395
6.707043153
8.85887214
10.47205993
14.64666983
17.07736695
21.92530137
24.54389901
29.06342638
29.89382855
33.80807832
32.98296175
38.25353687
37.11146871
38.43110633
37.26607963
40.62368414
38.61303672
41.62891622
41.13701331
37.95084959
39.76700205
38.28540679
39.25967712
39.32108141
38.23514433
37.82416959
35.25226121
38.22128711
38.40606646
36.99844798
36.61857906
34.91035632
33.74664942
32.90746407
32.84305813
29.87287475
28.53767144
27.31084993
26.0292863
26.03206627
23.12244993
24.91793458
19.11243917
17.22518091
14.6590741
15.48540193
9.775919075
13.15907296
5.499851041
4.670881247
4.510777305
2.470348865
-1.739668322
-2.183715815
-8.009698998
-8.944662814
-12.66889608
-14.94814743
-17.94380971
-24.19908366
-23.83527716
-26.23475566
-29.5853853
-31.15480179
-32.57336963
-33.1517952
-38.72803324
-41.26704423
-42.29464309
-42.88217948
-46.5767885
-47.23355638
-48.35474704
-47.11454801
-49.44482181
-47.06100853
-47.51988188
-47.97017432
-44.35948965
-44.01376255
-44.73101071
-42.83703085
-39.94751492
-38.29169193
-40.27679066
-36.36644202
-33.08086685
-29.66525505
-29.12845688
-24.46386764
-23.45857972
-19.0905015
-16.38871591
-13.31721521
-12.12633718
-8.052843568
-7.966706532
-2.941064982
-3.141852101
0.525608885
5.825628251
5.318801544
11.22298142
13.960287
16.01483098
19.3542926
24.71617833
24.22724747
26.147523
30.12688647
32.88457397
35.12374571
38.73426249
39.64929755
39.44997632
40.66507857
43.61136251
40.36599803
44.44480735
43.18519498
42.91865781
43.50334975
41.40919675
43.16986301
42.12708658
42.24358036
40.21536528
39.54677359
38.39875035
5.804326698
6.053343821
9.01692452
12.17761022
12.58040787
18.4344589
18.59712089
20.34758933
23.82684852
27.20864231
28.60652446
32.37170513
32.48411949
36.76480907
34.79684372
37.77213214
35.04944055
36.6014908
33.64618053
34.24559425
36.07383288
35.65730415
31.20485436
30.36271342
31.21733569
27.83977836
23.46790899
22.2595195
20.28206203
21.17084816
17.91844597
15.10962287
13.69510793
10.24798926
5.508560703
3.433082502
1.651149469
-0.704840474
-4.26927495
-6.317529694
-8.376208443
-15.43978886
-15.42530284
-22.58723929
-21.1993392
-25.75400291
-31.91998652
-30.68224556
-31.45852453
-31.59882185
-31.10981452
-33.92991961
-31.02252131
-32.52308168
-31.75127267
-29.5873678
-28.9475177
-27.9116775
-22.76218029
-21.06313965
-17.62999479
-14.87501339
-16.19768891
-13.48515983
-3.857445322
1.447529953
4.69371752
6.742156068
7.292367333
9.578807546
12.34963759
12.73941402
13.64852105
16.58399408
18.67526227
21.48427581
23.77181263
25.22838183
29.81383353
32.06646659
36.74026428
34.39317644
38.36031721
36.35822965
39.33616493
40.95964435
40.99745283
43.95662162
43.49665931
41.61558393
40.0791597
45.14055266
40.95872506
41.60849766
40.55022206
38.65528567
42.24368623
38.80511153
34.67411907
36.19663806
33.57511742
34.08986683
31.67243675
28.79320245
29.13818466
25.82416111
23.64364909
26.73314124
23.58578895
22.16143575
17.39586849
15.30091568
15.12148309
14.67392498
12.65076045
10.92339788
8.142947314
6.300353679
4.532396617
2.596667068
-1.210315909
-1.140951632
-5.463524666
-7.007229272
-11.17523151
-12.50526967
-13.65070717
-17.22101679
-19.31164557
-20.69810726
-23.64267643
-23.35676764
-25.53142864
-27.00123582
-29.59755767
-28.25994278
-31.53521047
-30.92173511
-32.03041929
-32.08620492
-31.55662011
-32.42397127
-33.35171788
-33.43587901
-34.13580669
-34.48061654
-35.08712244
-37.14493101
-36.22093085
-34.45928856
-34.4318609
-38.21529979
-37.6146177
-33.38565092
-31.72495279
-31.02908896
-26.77619602
-28.13900778
-27.76617462
-25.16118726
-17.3303395
-16.91118954
-12.41620025
-12.67031198
-8.439844645
-5.455563572
-2.661023646
-1.380868859
-0.046036079
3.146894823
5.591365116
7.722403963
12.48503934
13.31637381
14.82363463
18.82109804
21.78949005
21.58439155
25.25484708
28.47635163
34.84683794
37.70610755
38.8550253
38.36420203
40.14423532
46.14053268
45.85760888
47.79864384
47.75483323
50.28319628
46.02403303
45.09340518
49.05089741
48.07976559
47.87589805
47.80069407
41.120068
41.21287634
41.11350456
41.12331629
40.74071262
38.05546937
37.63979449
34.22439051
32.41378796
31.99570556
31.12684981
30.39227438
29.81217936
27.71425167
25.20559885
24.20962122
23.40777815
21.55412546
17.8161878
16.52600698
15.86581015
14.55121754
12.33384807
6.37358795
4.539700847
2.658072733
3.510913558
-0.88138355
-2.153469693
-4.128329901
-5.881082863
-5.050180621
-7.408780039
-13.55501474
-9.927292294
-12.8898078
-14.14604071
-15.89444011
-17.79593647
-20.2681657
-19.18799828
-22.15294173
-23.90683402
-22.75562806
-25.56603431
-29.74921652
-29.92916655
-30.05084615
-30.87480271
-32.40462684
-32.10255146
-33.21932022
-34.79837516
-35.91744975
-34.87581991
-38.2754178
-36.99802523
-39.96301772
-38.53739581
-40.34771777
-39.98554194
-40.02597483
-39.09091425
-40.99180555
-41.45509254
-42.69469534
-41.49518907
-41.61452482
-41.9116796
-38.90470833
-38.23175635
-37.90460798
-32.3549244
-32.13212217
-30.59221049
-29.1754643
-27.2854888
-25.82626409
-25.98338833
-20.62711592
-18.72135537
-15.12921521
-13.10511845
-8.673542665
-6.174524898
-5.282620247
-3.111326225
-2.908304171
2.173103661
4.142425549
5.632209716
8.358011921
11.03837707
16.81124421
16.67960147
21.44310117
25.95175677
28.46663816
30.75903561
32.41706979
37.45440881
40.25018855
46.39222649
47.63124506
54.15542235
55.09554471
53.66763309
54.16713187
50.78113912
53.36908088
52.80306371
50.49431108
51.40741606
47.97584078
50.58614168
48.09445277
44.5043441
40.48071782
38.95242112
38.23200375
35.33785198
32.30057161
30.26190744
29.8906915
26.01577469
25.59143994
23.12991001
15.76551928
15.28554574
12.26376303
9.625381175
5.910349712
2.035442904
0.796244644
-3.542057289
-5.179889844
-9.647353061
-10.61219855
-15.08018269
-16.25447195
-17.9925231
-22.3645289
-23.47460828
-25.22080056
-29.82684919
-27.47003934
-31.55570928
-33.76244963
-32.34812692
-33.94003595
-36.4709735
-36.09730046
-38.02059193
-37.1244989
-39.90772897
-40.2813892
-39.76082495
-39.80714127
-42.63507438
-41.12943149
-43.70272376
-43.13741982
-44.58612135
-44.85516019
-42.98680546
-42.63703188
-46.58913539
-44.06121986
-46.43274265
-45.65132868
-45.31090112
-43.27773209
-42.81582291
-37.90287199
-37.71422197
-35.63117859
-33.93464153
-31.43502549
-30.77610283
-25.13467047
-24.18314879
-24.95532159
-21.40923985
-20.95068507
-15.92775715
-13.08282459
-9.535362222
-7.144397633
-3.63332747
-1.128386771
